mu_matrix =

      1.0000   2000.6809      3.1702
      1.0000   2000.6809      3.1702
      1.0000   2000.6809      3.1702
      1.0000   2000.6809      3.1702
      1.0000   2000.6809      3.1702
      1.0000   2000.6809      3.1702
      1.0000   2000.6809      3.1702
      1.0000   2000.6809      3.1702
      1.0000   2000.6809      3.1702
      1.0000   2000.6809      3.1702
      1.0000   2000.6809      3.1702
      1.0000   2000.6809      3.1702
      1.0000   2000.6809      3.1702
      1.0000   2000.6809      3.1702
      1.0000   2000.6809      3.1702
      1.0000   2000.6809      3.1702
      1.0000   2000.6809      3.1702
      1.0000   2000.6809      3.1702
      1.0000   2000.6809      3.1702
      1.0000   2000.6809      3.1702
      1.0000   2000.6809      3.1702
      1.0000   2000.6809      3.1702
      1.0000   2000.6809      3.1702
      1.0000   2000.6809      3.1702
      1.0000   2000.6809      3.1702
      1.0000   2000.6809      3.1702
      1.0000   2000.6809      3.1702
      1.0000   2000.6809      3.1702
      1.0000   2000.6809      3.1702
      1.0000   2000.6809      3.1702
      1.0000   2000.6809      3.1702
      1.0000   2000.6809      3.1702
      1.0000   2000.6809      3.1702
      1.0000   2000.6809      3.1702
      1.0000   2000.6809      3.1702
      1.0000   2000.6809      3.1702
      1.0000   2000.6809      3.1702
      1.0000   2000.6809      3.1702
      1.0000   2000.6809      3.1702
      1.0000   2000.6809      3.1702
      1.0000   2000.6809      3.1702
      1.0000   2000.6809      3.1702
      1.0000   2000.6809      3.1702
      1.0000   2000.6809      3.1702
      1.0000   2000.6809      3.1702
      1.0000   2000.6809      3.1702
      1.0000   2000.6809      3.1702

